16.8
16.7
16.4
16.3
16.3
16.2
16.1
15.9
15.9
15.9
15.9
15.9
15.8
15.8
15.8
15.7
15.7
15.7
15.7
15.6
15.6
15.6
15.6
15.5
15.5
15.4
15.4
15.4
15.4
15.3
15.3
15.3
15.3
15.2
15.2
15.2
15.2
15.2
15.1
15.1
14.9
14.9
14.9
14.9
14.9
14.8
14.8
14.8
14.8
14.8
14.8
14.8
14.8
14.8
14.7
14.7
14.7
14.7
14.7
14.7
14.7
14.6
14.6
14.6
14.6
14.6
14.6
14.5
14.5
14.5
14.5
14.5
14.5
14.5
14.5
14.4
14.4
14.4
14.4
14.4
14.4
14.4
14.4
14.4
14.4
14.4
14.4
14.3
14.3
14.3
14.2
14.2
14.2
14.2
14.2
14.1
14.1
13.9
13.8
13.8
13.8
13.7
13.7
13.7
13.7
13.7
13.7
13.6
13.6
13.6
13.6
13.6
13.6
13.5
13.5
13.4
13.4
13.4
13.4
13.4
13.3
13.3
13.3
13.2
13.2
13.2
13.1
13.1
12.9
12.9
12.8
12.8
12.8
12.8
12.7
12.7
12.7
12.7
12.6
12.6
12.6
12.6
12.6
12.6
12.5
12.5
12.4
12.4
12.4
12.3
12.1
11.9
11.9
11.9
11.9
11.9
11.8
11.8
11.8
11.8
11.8
11.8
11.7
11.7
11.7
11.7
11.7
11.7
11.6
11.6
11.6
11.6
11.6
11.6
11.5
11.4
11.4
11.4
11.4
11.4
11.4
11.3
11.3
11.3
11.3
11.3
11.3
11.2
11.1
11.1